[[[1, 2, 3, 7, 8, 4, 6, 5, 0], [], 0, 4]]
0 th iteration 
Path Cost 0
currentState in while loop is:  [1, 2, 3, 7, 8, 4, 6, 5, 0]
Number of successors for node  [1, 2, 3, 7, 8, 4, 6, 5, 0] is  2
successor 0  is  [[1, 2, 3, 7, 8, 0, 6, 5, 4], [1, 2, 3, 7, 8, 4, 6, 5, 0], 1, 5]
successor 1  is  [[1, 2, 3, 7, 8, 4, 6, 0, 5], [1, 2, 3, 7, 8, 4, 6, 5, 0], 1, 3]
Adding node to closed list [[1, 2, 3, 7, 8, 4, 6, 5, 0], [], 0, 4]
******************************************
Current OpenList length  2
[[1, 2, 3, 7, 8, 0, 6, 5, 4], [1, 2, 3, 7, 8, 4, 6, 5, 0], 1, 5]
[[1, 2, 3, 7, 8, 4, 6, 0, 5], [1, 2, 3, 7, 8, 4, 6, 5, 0], 1, 3]
Current ClosedList length  1
[[1, 2, 3, 7, 8, 4, 6, 5, 0], [], 0, 4]
******************************************
1 th iteration 
Path Cost 1
currentState in while loop is:  [1, 2, 3, 7, 8, 4, 6, 0, 5]
Number of successors for node  [1, 2, 3, 7, 8, 4, 6, 0, 5] is  3
successor 0  is  [[1, 2, 3, 7, 0, 4, 6, 8, 5], [1, 2, 3, 7, 8, 4, 6, 0, 5], 2, 4]
successor 1  is  [[1, 2, 3, 7, 8, 4, 6, 5, 0], [1, 2, 3, 7, 8, 4, 6, 0, 5], 2, 4]
successor 2  is  [[1, 2, 3, 7, 8, 4, 0, 6, 5], [1, 2, 3, 7, 8, 4, 6, 0, 5], 2, 2]
Adding node to closed list [[1, 2, 3, 7, 8, 4, 6, 0, 5], [1, 2, 3, 7, 8, 4, 6, 5, 0], 1, 3]
******************************************
Current OpenList length  4
[[1, 2, 3, 7, 8, 0, 6, 5, 4], [1, 2, 3, 7, 8, 4, 6, 5, 0], 1, 5]
[[1, 2, 3, 7, 0, 4, 6, 8, 5], [1, 2, 3, 7, 8, 4, 6, 0, 5], 2, 4]
[[1, 2, 3, 7, 8, 4, 6, 5, 0], [1, 2, 3, 7, 8, 4, 6, 0, 5], 2, 4]
[[1, 2, 3, 7, 8, 4, 0, 6, 5], [1, 2, 3, 7, 8, 4, 6, 0, 5], 2, 2]
Current ClosedList length  2
[[1, 2, 3, 7, 8, 4, 6, 5, 0], [], 0, 4]
[[1, 2, 3, 7, 8, 4, 6, 0, 5], [1, 2, 3, 7, 8, 4, 6, 5, 0], 1, 3]
******************************************
2 th iteration 
Path Cost 2
currentState in while loop is:  [1, 2, 3, 7, 8, 4, 0, 6, 5]
Number of successors for node  [1, 2, 3, 7, 8, 4, 0, 6, 5] is  2
successor 0  is  [[1, 2, 3, 0, 8, 4, 7, 6, 5], [1, 2, 3, 7, 8, 4, 0, 6, 5], 3, 1]
successor 1  is  [[1, 2, 3, 7, 8, 4, 6, 0, 5], [1, 2, 3, 7, 8, 4, 0, 6, 5], 3, 3]
Adding node to closed list [[1, 2, 3, 7, 8, 4, 0, 6, 5], [1, 2, 3, 7, 8, 4, 6, 0, 5], 2, 2]
******************************************
Current OpenList length  5
[[1, 2, 3, 7, 8, 0, 6, 5, 4], [1, 2, 3, 7, 8, 4, 6, 5, 0], 1, 5]
[[1, 2, 3, 7, 0, 4, 6, 8, 5], [1, 2, 3, 7, 8, 4, 6, 0, 5], 2, 4]
[[1, 2, 3, 7, 8, 4, 6, 5, 0], [1, 2, 3, 7, 8, 4, 6, 0, 5], 2, 4]
[[1, 2, 3, 0, 8, 4, 7, 6, 5], [1, 2, 3, 7, 8, 4, 0, 6, 5], 3, 1]
[[1, 2, 3, 7, 8, 4, 6, 0, 5], [1, 2, 3, 7, 8, 4, 0, 6, 5], 3, 3]
Current ClosedList length  3
[[1, 2, 3, 7, 8, 4, 6, 5, 0], [], 0, 4]
[[1, 2, 3, 7, 8, 4, 6, 0, 5], [1, 2, 3, 7, 8, 4, 6, 5, 0], 1, 3]
[[1, 2, 3, 7, 8, 4, 0, 6, 5], [1, 2, 3, 7, 8, 4, 6, 0, 5], 2, 2]
******************************************
3 th iteration 
Path Cost 3
currentState in while loop is:  [1, 2, 3, 0, 8, 4, 7, 6, 5]
Number of successors for node  [1, 2, 3, 0, 8, 4, 7, 6, 5] is  3
successor 0  is  [[0, 2, 3, 1, 8, 4, 7, 6, 5], [1, 2, 3, 0, 8, 4, 7, 6, 5], 4, 2]
successor 1  is  [[1, 2, 3, 7, 8, 4, 0, 6, 5], [1, 2, 3, 0, 8, 4, 7, 6, 5], 4, 2]
successor 2  is  [[1, 2, 3, 8, 0, 4, 7, 6, 5], [1, 2, 3, 0, 8, 4, 7, 6, 5], 4, 0]
Adding node to closed list [[1, 2, 3, 7, 8, 4, 6, 0, 5], [1, 2, 3, 7, 8, 4, 0, 6, 5], 3, 3]
******************************************
Current OpenList length  7
[[1, 2, 3, 7, 8, 0, 6, 5, 4], [1, 2, 3, 7, 8, 4, 6, 5, 0], 1, 5]
[[1, 2, 3, 7, 0, 4, 6, 8, 5], [1, 2, 3, 7, 8, 4, 6, 0, 5], 2, 4]
[[1, 2, 3, 7, 8, 4, 6, 5, 0], [1, 2, 3, 7, 8, 4, 6, 0, 5], 2, 4]
[[1, 2, 3, 7, 8, 4, 6, 0, 5], [1, 2, 3, 7, 8, 4, 0, 6, 5], 3, 3]
[[0, 2, 3, 1, 8, 4, 7, 6, 5], [1, 2, 3, 0, 8, 4, 7, 6, 5], 4, 2]
[[1, 2, 3, 7, 8, 4, 0, 6, 5], [1, 2, 3, 0, 8, 4, 7, 6, 5], 4, 2]
[[1, 2, 3, 8, 0, 4, 7, 6, 5], [1, 2, 3, 0, 8, 4, 7, 6, 5], 4, 0]
Current ClosedList length  4
[[1, 2, 3, 7, 8, 4, 6, 5, 0], [], 0, 4]
[[1, 2, 3, 7, 8, 4, 6, 0, 5], [1, 2, 3, 7, 8, 4, 6, 5, 0], 1, 3]
[[1, 2, 3, 7, 8, 4, 0, 6, 5], [1, 2, 3, 7, 8, 4, 6, 0, 5], 2, 2]
[[1, 2, 3, 7, 8, 4, 6, 0, 5], [1, 2, 3, 7, 8, 4, 0, 6, 5], 3, 3]
******************************************
4 th iteration 
Path Cost 4
currentState in while loop is:  [1, 2, 3, 8, 0, 4, 7, 6, 5]
Final State is found
Puzzle Solved
